12,13,14,15,16,17,18,19
23,24,25,26,27,28,29,20
34,35,36,37,38,39,30,31
45,46,47,48,49,40,41,42
56,57,58,59,50,51,52,53
67,68,69,60,61,62,63,64
78,79,70,71,72,73,74,75
89,80,81,82,83,84,85,86

02,03,04,05,06,07,08,09
13,14,15,16,17,18,19,10
24,25,26,27,28,29,20,21
35,36,37,38,39,30,31,32
46,47,48,49,40,41,42,43
57,58,59,50,51,52,53,54
68,69,60,61,62,63,64,65
79,70,71,72,73,74,75,76

123,124,125,126,127,128,129
234,235,236,237,238,239,230
345,346,347,348,349,340,341
456,457,458,459,450,451,452
567,568,569,560,561,562,563
678,679,670,671,672,673,674
789,780,781,782,783,784,785
890,891,892,893,894,895,896


023,024,025,026,027,028,029
130,134,135,136,137,138,139
240,241,245,246,247,248,249
350,351,352,356,357,358,359
460,461,462,463,467,468,469
570,571,572,573,574,578,579
680,681,682,683,684,685,689
790,791,792,793,794,795,796


012,013,014,015,016,017,018,019
012,123,124,125,126,127,128,129
023,123,423,523,623,723,823,923
034,134,234,534,634,734,834,934
045,145,245,345,645,745,845,945
056,156,256,356,456,756,856,956
067,167,267,367,467,567,867,967
078,178,278,378,478,578,678,978

1234,1245,1256,1267,1278,1289,1235,1246,1257,1268,1279,1236,1247,1258,1269,1237,1248,1259,1238,1249,1239,1345,1356,1367,1378,1389,1346,1357,1368,1379,1347,1358,1369,1348,1359,1349,1456,1467,1478,1489,1457,1468,1479,1458,1469,1459,1567,1578,1589,1568,1579,1569,1678,1689,1679,1789
2034,2045,2056,2067,2078,2089,2035,2046,2057,2068,2079,2036,2047,2058,2069,2037,2048,2059,2038,2049,2039,2345,2356,2367,2378,2389,2346,2357,2368,2379,2347,2358,2369,2348,2359,2349,2456,2467,2478,2489,2457,2468,2479,2458,2469,2459,2567,2578,2589,2568,2579,2569,2678,2689,2679,2789
3014,3045,3056,3067,3078,3089,3015,3046,3057,3068,3079,3016,3047,3058,3069,3017,3048,3059,3018,3049,3019,3145,3156,3167,3178,3189,3146,3157,3168,3179,3147,3158,3169,3148,3159,3149,3456,3467,3478,3489,3457,3468,3479,3458,3469,3459,3567,3578,3589,3568,3579,3569,3678,3689,3679,3789
4012,4025,4056,4067,4078,4089,4015,4026,4057,4068,4079,4016,4027,4058,4069,4017,4028,4059,4018,4029,4019,4125,4156,4167,4178,4189,4126,4157,4168,4179,4127,4158,4169,4128,4159,4129,4256,4267,4278,4289,4257,4268,4279,4258,4269,4259,4567,4578,4589,4568,4579,4569,4678,4689,4679,4789
5012,5023,5036,5067,5078,5089,5013,5026,5037,5068,5079,5016,5027,5038,5069,5017,5028,5039,5018,5029,5019,5123,5136,5167,5178,5189,5126,5137,5168,5179,5127,5138,5169,5128,5139,5129,5236,5267,5278,5289,5237,5268,5279,5238,5269,5239,5367,5378,5389,5368,5379,5369,5678,5689,5679,5789
6012,6023,6034,6047,6078,6089,6013,6024,6037,6048,6079,6014,6027,6038,6049,6017,6028,6039,6018,6029,6019,6123,6134,6147,6178,6189,6124,6137,6148,6179,6127,6138,6149,6128,6139,6129,6234,6247,6278,6289,6237,6248,6279,6238,6249,6239,6347,6378,6389,6348,8379,6349,6478,6489,6479,6789
7012,7023,7034,7045,7058,7059,7013,7024,7035,7048,7059,7014,7025,7038,7049,7015,7028,7039,7018,7029,7019,7123,7134,7145,7158,7189,7124,7135,7148,7159,7125,7138,7149,7128,7139,7129,7234,7245,7258,7289,7235,7248,7259,7238,7249,7239,7345,7358,7389,7348,7359,7349,7458,7489,7459,7589
8012,8023,8034,8045,8056,8069,8013,8024,8035,8046,8059,8014,8025,8036,8049,8015,8026,8039,8016,8029,8019,8123,8134,8145,8156,8169,8124,8135,8146,8159,8125,8136,8149,8126,8139,8129,8234,8245,8256,8269,8235,8246,8259,8236,8249,8239,8345,8356,8369,8346,8359,8349,8456,8469,8459,8569
0234,0245,0256,0267,0278,0289,0235,0246,0257,0268,0279,0236,0247,0258,0269,0237,0248,0259,0238,0249,0239,0345,0356,0367,0378,0389,0346,0357,0368,0379,0347,0358,0369,0348,0359,0349,0456,0467,0478,0489,0457,0468,0479,0458,0469,0459,0567,0578,0589,0568,0579,0569,0678,0689,0679,0789
1034,1045,1056,1067,1078,1089,1035,1046,1057,1068,1079,1036,1047,1058,1069,1037,1048,1059,1038,1049,1039,1345,1356,1367,1378,1389,1346,1357,1368,1379,1347,1358,1369,1348,1359,1349,1456,1467,1478,1489,1457,1468,1479,1458,1469,1459,1567,1578,1589,1568,1579,1569,1678,1689,1679,1789
2014,2045,2056,2067,2078,2089,2015,2046,2057,2068,2079,2016,2047,2058,2069,2017,2048,2059,2018,2049,2019,2145,2156,2167,2178,2189,2146,2157,2168,2179,2147,2158,2169,2148,2159,2149,2456,2467,2478,2489,2457,2468,2479,2458,2469,2459,2567,2578,2589,2568,2579,2569,2678,2689,2679,2789
3012,3025,3056,3067,3078,3089,3015,3026,3057,3068,3079,3016,3027,3058,3069,3017,3028,3059,3018,3029,3019,3125,3156,3167,3178,3189,3126,3157,3168,3179,3127,3158,3169,3128,3159,3129,3256,3267,3278,3289,3257,3268,3279,3258,3269,3259,3567,3578,3589,3568,3579,3569,3678,3689,3679,3789
4067,4078,4089,4091,4012,4023,4068,4079,4081,4092,4013,4069,4071,4082,4093,4061,4072,4083,4062,4073,4063,4178,4189,4192,4123,4136,4179,4182,4193,4126,4172,4183,4196,4173,4186,4176,4289,4293,4236,4267,4283,4296,4237,4286,4297,4287,4396,4367,4378,4397,4368,4398,4678,4689,4679,4789
5012,5023,5034,5047,5078,5089,5013,5024,5037,5048,5079,5014,5027,5038,5049,5017,5028,5039,5018,5029,5019,5123,5134,5147,5178,5189,5124,5137,5148,5179,5127,5138,5149,5128,5139,5129,5234,5247,5278,5289,5237,5248,5279,5238,5249,5239,5347,5378,5389,5348,5379,5349,5478,5489,5479,5789
6012,6023,6034,6045,6058,6089,6013,6024,6035,6048,6059,6014,6025,6038,6049,6015,6028,6039,6018,6029,6019,6123,6134,6145,6158,6189,6124,6135,6148,6159,6125,6138,6149,6128,6139,6129,6234,6245,6258,6289,6235,6248,6259,6238,6249,6239,6345,6358,6389,6348,6359,6349,6458,6489,6459,6589
7012,7023,7034,7045,7056,7069,7013,7024,7035,7046,7059,7014,7025,7036,7049,7015,7026,7039,7016,7029,7019,7123,7134,7145,7156,7169,7124,7135,7146,7159,7125,7136,7149,7126,7139,7129,7234,7245,7256,7269,7235,7246,7259,7236,7249,7239,7345,7356,7369,7346,7359,7349,7456,7469,7459,7569

01234,01235,01236,01237,01238,01239,01245,01236,01237,01238,01239,01256,01257,01258,01259,01267,01268,01269,01278,01279,01289,01345,01346,01347,01348,01349,01356,01357,01358,01359,01367,01368,01369,01378,01379,01389,01456,01457,01458,01459,01467,01468,01469,01478,01479,01489,01567,01568,01569,01578,01579,01589,01678,01679,01689,01789 
12034,12035,12036,12037,12038,12039,12045,12046,12047,12048,12049,12056,12057,12058,12059,12067,12068,12069,12078,12079,12089,12345,12346,12347,12348,12349,12356,12357,12358,12359,12367,12368,12369,12378,12379,12389,12456,12457,12458,12459,12467,12468,12469,12478,12479,12489,12567,12568,12569,12578,12579,12589,12678,12679,12689,12789 
23014,23015,23016,23017,23018,23019,23045,23046,23047,23048,23049,23056,23057,23058,23059,23067,23068,23069,23078,23079,23089,23145,23146,23147,23148,23149,23156,23157,23158,23159,23167,23168,23169,23178,23179,23189,23456,23457,23458,23459,23467,23468,23469,23478,23479,23489,23567,23568,23569,23578,23579,23589,23678,23679,23689,23789 
34012,34015,34016,34017,34018,34019,34025,34026,34027,34028,34029,34056,34057,34058,34059,34067,34068,34069,34078,34079,34089,34125,34126,34127,34128,34129,34156,34157,34158,34159,34167,34168,34169,34178,34179,34189,34256,34257,34258,34259,34267,34268,34269,34278,34279,34289,34567,34568,34569,34578,34579,34589,34678,34679,34689,34789 
45012,45013,45016,45017,45018,45019,45023,45026,45027,45028,45029,45056,45057,45058,45059,45067,45068,45069,45078,45079,45089,45123,45126,45127,45128,45129,45136,45137,45138,45139,45167,45168,45169,45178,45179,45189,45236,45237,45238,45239,45267,45268,45269,45278,45279,45289,45367,45368,45369,45378,45379,45389,45678,45679,45689,45789 
56012,56013,56014,56017,56018,56019,56023,56024,56027,56028,56029,56034,56037,56038,56039,56047,56048,56049,56078,56079,56089,56123,56124,56127,56128,56129,56134,56137,56138,56139,56147,56148,56149,56178,56179,56189,56234,56237,56238,56239,56247,56248,56249,56278,56279,56289,56347,56348,56349,56378,56379,56389,56678,56679,56689,56789
67012,67013,67014,67015,67018,67019,67023,67024,67025,67028,67029,67034,67035,67038,67039,67045,67048,67049,67058,67059,67089,67123,67124,67125,67128,67129,67134,67135,67138,67139,67145,67148,67149,67158,67159,67189,67234,67235,67238,67239,67245,67248,67249,67258,67259,67289,67345,67348,67349,67358,67359,67389,67458,67459,67489,67589
78012,78013,78014,78015,78016,78019,78023,78024,78025,78026,78029,78034,78035,78036,78039,78045,78046,78049,78056,78059,78069,78123,78124,78125,78126,78129,78134,78135,78136,78139,78145,78146,78149,78156,78159,78169,78234,78235,78236,78239,78245,78246,78249,78256,78259,78269,78345,78346,78349,78356,78359,78369,78456,78459,78469,78569


