123,124,125,126,127,128,129
234,235,236,237,238,239,230
345,346,347,348,349,340,341
456,457,458,459,450,451,452
567,568,569,560,561,562,563
678,679,670,671,672,673,674
789,780,781,782,783,784,785
890,891,892,893,894,895,896
023,024,025,026,027,028,029
130,134,135,136,137,138,139
240,241,245,246,247,248,249
350,351,352,356,357,358,359
460,461,462,463,467,468,469
570,571,572,573,574,578,579
680,681,682,683,684,685,689
790,791,792,793,794,795,796
012,013,014,015,016,017,018,019
012,123,124,125,126,127,128,129
023,123,423,523,623,723,823,923
034,134,234,534,634,734,834,934
045,145,245,345,645,745,845,945
056,156,256,356,456,756,856,956
067,167,267,367,467,567,867,967
078,178,278,378,478,578,678,978