1234,1245,1256,1267,1278,1289,1235,1246,1257,1268,1279,1236,1247,1258,1269,1237,1248,1259,1238,1249,1239,1345,1356,1367,1378,1389,1346,1357,1368,1379,1347,1358,1369,1348,1359,1349,1456,1467,1478,1489,1457,1468,1479,1458,1469,1459,1567,1578,1589,1568,1579,1569,1678,1689,1679,1789
2034,2045,2056,2067,2078,2089,2035,2046,2057,2068,2079,2036,2047,2058,2069,2037,2048,2059,2038,2049,2039,2345,2356,2367,2378,2389,2346,2357,2368,2379,2347,2358,2369,2348,2359,2349,2456,2467,2478,2489,2457,2468,2479,2458,2469,2459,2567,2578,2589,2568,2579,2569,2678,2689,2679,2789
3014,3045,3056,3067,3078,3089,3015,3046,3057,3068,3079,3016,3047,3058,3069,3017,3048,3059,3018,3049,3019,3145,3156,3167,3178,3189,3146,3157,3168,3179,3147,3158,3169,3148,3159,3149,3456,3467,3478,3489,3457,3468,3479,3458,3469,3459,3567,3578,3589,3568,3579,3569,3678,3689,3679,3789
4012,4025,4056,4067,4078,4089,4015,4026,4057,4068,4079,4016,4027,4058,4069,4017,4028,4059,4018,4029,4019,4125,4156,4167,4178,4189,4126,4157,4168,4179,4127,4158,4169,4128,4159,4129,4256,4267,4278,4289,4257,4268,4279,4258,4269,4259,4567,4578,4589,4568,4579,4569,4678,4689,4679,4789
5012,5023,5036,5067,5078,5089,5013,5026,5037,5068,5079,5016,5027,5038,5069,5017,5028,5039,5018,5029,5019,5123,5136,5167,5178,5189,5126,5137,5168,5179,5127,5138,5169,5128,5139,5129,5236,5267,5278,5289,5237,5268,5279,5238,5269,5239,5367,5378,5389,5368,5379,5369,5678,5689,5679,5789
6012,6023,6034,6047,6078,6089,6013,6024,6037,6048,6079,6014,6027,6038,6049,6017,6028,6039,6018,6029,6019,6123,6134,6147,6178,6189,6124,6137,6148,6179,6127,6138,6149,6128,6139,6129,6234,6247,6278,6289,6237,6248,6279,6238,6249,6239,6347,6378,6389,6348,8379,6349,6478,6489,6479,6789
7012,7023,7034,7045,7058,7059,7013,7024,7035,7048,7059,7014,7025,7038,7049,7015,7028,7039,7018,7029,7019,7123,7134,7145,7158,7189,7124,7135,7148,7159,7125,7138,7149,7128,7139,7129,7234,7245,7258,7289,7235,7248,7259,7238,7249,7239,7345,7358,7389,7348,7359,7349,7458,7489,7459,7589
8012,8023,8034,8045,8056,8069,8013,8024,8035,8046,8059,8014,8025,8036,8049,8015,8026,8039,8016,8029,8019,8123,8134,8145,8156,8169,8124,8135,8146,8159,8125,8136,8149,8126,8139,8129,8234,8245,8256,8269,8235,8246,8259,8236,8249,8239,8345,8356,8369,8346,8359,8349,8456,8469,8459,8569
0234,0245,0256,0267,0278,0289,0235,0246,0257,0268,0279,0236,0247,0258,0269,0237,0248,0259,0238,0249,0239,0345,0356,0367,0378,0389,0346,0357,0368,0379,0347,0358,0369,0348,0359,0349,0456,0467,0478,0489,0457,0468,0479,0458,0469,0459,0567,0578,0589,0568,0579,0569,0678,0689,0679,0789
1034,1045,1056,1067,1078,1089,1035,1046,1057,1068,1079,1036,1047,1058,1069,1037,1048,1059,1038,1049,1039,1345,1356,1367,1378,1389,1346,1357,1368,1379,1347,1358,1369,1348,1359,1349,1456,1467,1478,1489,1457,1468,1479,1458,1469,1459,1567,1578,1589,1568,1579,1569,1678,1689,1679,1789
2014,2045,2056,2067,2078,2089,2015,2046,2057,2068,2079,2016,2047,2058,2069,2017,2048,2059,2018,2049,2019,2145,2156,2167,2178,2189,2146,2157,2168,2179,2147,2158,2169,2148,2159,2149,2456,2467,2478,2489,2457,2468,2479,2458,2469,2459,2567,2578,2589,2568,2579,2569,2678,2689,2679,2789
3012,3025,3056,3067,3078,3089,3015,3026,3057,3068,3079,3016,3027,3058,3069,3017,3028,3059,3018,3029,3019,3125,3156,3167,3178,3189,3126,3157,3168,3179,3127,3158,3169,3128,3159,3129,3256,3267,3278,3289,3257,3268,3279,3258,3269,3259,3567,3578,3589,3568,3579,3569,3678,3689,3679,3789
4067,4078,4089,4091,4012,4023,4068,4079,4081,4092,4013,4069,4071,4082,4093,4061,4072,4083,4062,4073,4063,4178,4189,4192,4123,4136,4179,4182,4193,4126,4172,4183,4196,4173,4186,4176,4289,4293,4236,4267,4283,4296,4237,4286,4297,4287,4396,4367,4378,4397,4368,4398,4678,4689,4679,4789
5012,5023,5034,5047,5078,5089,5013,5024,5037,5048,5079,5014,5027,5038,5049,5017,5028,5039,5018,5029,5019,5123,5134,5147,5178,5189,5124,5137,5148,5179,5127,5138,5149,5128,5139,5129,5234,5247,5278,5289,5237,5248,5279,5238,5249,5239,5347,5378,5389,5348,5379,5349,5478,5489,5479,5789
6012,6023,6034,6045,6058,6089,6013,6024,6035,6048,6059,6014,6025,6038,6049,6015,6028,6039,6018,6029,6019,6123,6134,6145,6158,6189,6124,6135,6148,6159,6125,6138,6149,6128,6139,6129,6234,6245,6258,6289,6235,6248,6259,6238,6249,6239,6345,6358,6389,6348,6359,6349,6458,6489,6459,6589
7012,7023,7034,7045,7056,7069,7013,7024,7035,7046,7059,7014,7025,7036,7049,7015,7026,7039,7016,7029,7019,7123,7134,7145,7156,7169,7124,7135,7146,7159,7125,7136,7149,7126,7139,7129,7234,7245,7256,7269,7235,7246,7259,7236,7249,7239,7345,7356,7369,7346,7359,7349,7456,7469,7459,7569
0123,0124,0125,0126,0127,0128,0129,0134,0135,0136,0137,0138,0139,0145,0146,0147,0148,0149,0156,0157,0158,0159,0167,0168,0169,0178,0179,0189
1203,1204,1205,1206,1207,1208,1209,1234,1235,1236,1237,1238,1239,1245,1246,1247,1248,1249,1256,1257,1258,1259,1267,1268,1269,1278,1279,1289
2301,2304,2305,2306,2307,2308,2309,2314,2315,2316,2317,2318,2319,2345,2346,2347,2348,2349,2356,2357,2358,2359,2367,2368,2369,2378,2379,2389
3401,3402,3405,3406,3407,3408,3409,3412,3415,3416,3417,3418,3419,3425,3426,3427,3428,3429,3456,3457,3458,3459,3467,3468,3469,3478,3479,3489
4501,4502,4503,4506,4507,4508,4509,4512,4513,4516,4517,4518,4519,4523,4526,4527,4528,4529,4536,4537,4538,4539,4567,4568,4569,4578,4579,4589
5601,5602,5603,5604,5607,5608,5609,5612,5613,5614,5617,5618,5619,5623,5624,5627,5628,5629,5634,5637,5638,5639,5647,5648,5649,5678,5679,5689
6701,6702,6703,6704,6705,6708,6709,6712,6713,6714,6715,6718,6719,6723,6724,6725,6728,6729,6734,6735,6738,6739,6745,6748,6749,6758,6759,6789
7801,7802,7803,7804,7805,7806,7809,7812,7813,7814,7815,7816,7819,7823,7824,7825,7826,7829,7834,7835,7836,7839,7845,7846,7849,7856,7859,7869